          35
         184
          86
         191
         212
          66
          19
         158
         163
         231
         138
          25
          28
         157
         220
         163
          96
          66
         190
           3
         124
         232
         165
          65
          92
         140
         170
         197
           4
          14
         122
         239
         136
         163
         128
          90
         216
          47
           5
          45
          28
         123
          18
          31
         185
         216
          42
         105
           8
         180
         211
          78
          87
          64
         136
           6
          57
         101
         207
         188
         158
          95
         134
         176
         148
          47
         191
         156
          93
         162
         206
         177
         149
         228
          47
         230
          93
         114
         184
          96
         139
         224
         119
         163
          60
         208
         160
         155
          58
         239
         116
         199
         255
         116
         192
          51
          88
         230
          26
         216
         134
          57
          43
         148
         156
          76
          15
          41
          42
         208
         179
         124
          51
          17
         142
         231
         228
          47
          19
         116
          88
         222
         250
          71
         152
         128
          33
         182
         155
         107
         103
           3
         114
         229
          42
          65
         108
          21
         140
          49
          17
         112
         137
         132
         193
         210
          46
         207
          49
         200
